"Phi [deg]"	"ang_rad(rETheta) [rad] - Freq='1.5GHz' Theta='90.0000000000002deg'"
0	2.15750552899284
1	2.1574537678191
2	2.15726451767882
3	2.15692560718553
4	2.15641797424349
5	2.15571697392705
6	2.1547942899435
7	2.15362051752526
8	2.15216848883497
9	2.15041740001328
10	2.14835776564738
11	2.14599716514342
12	2.14336665094745
13	2.14052755939524
14	2.13757830736907
15	2.13466058958849
16	2.13196424405169
17	2.12972997153398
18	2.12824912904723
19	2.12786000690031
20	2.12894035510477
21	2.13189641153302
22	2.13714921534549
23	2.14511944524945
24	2.15621228626369
25	2.17080382847208
26	2.1892302369892
27	2.2117804767785
28	2.23869284607052
29	2.27015508732372
30	2.30630749077365
31	2.34724821810386
32	2.39304004172666
33	2.44371777825418
34	2.49929584291699
35	2.55977552012724
36	2.62515170203185
37	2.69541897360499
38	2.77057701263534
39	2.85063532606912
40	2.93561736411448
41	3.02556404433269
42	3.12053668239147
43	-3.06256604233529
44	-2.95726539658587
45	-2.84661405876132
46	-2.73045602200564
47	-2.60861515321236
48	-2.48090138218954
49	-2.34712084138986
50	-2.20709108728451
51	-2.06066245532141
52	-1.90774614592227
53	-1.74834859294246
54	-1.5826098582679
55	-1.41084127618954
56	-1.23355484616869
57	-1.05147506497814
58	-0.865524535736343
59	-0.676778959651574
60	-0.486394659618054
61	-0.295520120629052
62	-0.105208423021536
63	0.0836528607614193
64	0.270383575656024
65	0.454522388423196
66	0.63581267324316
67	0.814171758602205
68	0.98965275397093
69	1.16240621141773
70	1.33264613289413
71	1.50062237063039
72	1.66659973762253
73	1.83084316488519
74	1.99360783078959
75	2.15513313018736
76	2.31563947409089
77	2.47532710097535
78	2.6343762750514
79	2.79294841594243
80	2.9511878387939
81	3.10922388474707
82	-3.01601201324939
83	-2.85804258445211
84	-2.6999539674531
85	-2.54165185209425
86	-2.38304415753336
87	-2.22403843173837
88	-2.06453930736177
89	-1.90444604524721
90	-1.74365020446524
91	-1.5820334904114
92	-1.41946585162341
93	-1.25580392367276
94	-1.09088995726392
95	-0.924551420097551
96	-0.756601530017826
97	-0.586841060358702
98	-0.415061852818287
99	-0.241052566330283
100	-0.0646072571090569
101	0.11446261841676
102	0.296312326113856
103	0.481044013375982
104	0.668683489957283
105	0.859155244290374
106	1.0522586212602
107	1.24764940841049
108	1.44483189393022
109	1.64316611831721
110	1.84189304698427
111	2.04017682235339
112	2.23715902688224
113	2.43201653928178
114	2.62401351429877
115	2.81253973562984
116	2.99713131339783
117	-3.10571141913319
118	-2.92979357915633
119	-2.75835764145434
120	-2.59136650064355
121	-2.42871336513478
122	-2.27024406818965
123	-2.11577579103542
124	-1.96511182803053
125	-1.81805261406275
126	-1.67440353381138
127	-1.53398013148002
128	-1.39661132025819
129	-1.26214111360433
130	-1.13042930397497
131	-1.00135142025153
132	-0.87479821279496
133	-0.750674847953281
134	-0.628899941550764
135	-0.509404521420502
136	-0.392130979965233
137	-0.277032056709796
138	-0.164069875842098
139	-0.0532150532245846
140	0.0555541199387638
141	0.162252414591381
142	0.266888323644787
143	0.369464647515336
144	0.46997901014939
145	0.568424311111566
146	0.664789119690879
147	0.759058017055891
148	0.851211892348937
149	0.941228198321512
150	1.02908117173661
151	1.11474202335346
152	1.19817910191621
153	1.27935803623859
154	1.35824185925388
155	1.43479111782099
156	1.50896397216864
157	1.58071628913298
158	1.65000173379554
159	1.71677186473192
160	1.78097623879123
161	1.84256253206963
162	1.90147668442809
163	1.95766307542202
164	2.01106473973835
165	2.061623630047
166	2.10928093445268
167	2.15397745438692
168	2.19565404675122
169	2.23425213140873
170	2.26971426178201
171	2.30198475248107
172	2.33101035376193
173	2.35674095846862
174	2.37913032325628
175	2.39813678266643
176	2.41372393235276
177	2.42586125671985
178	2.43452467663529
179	2.43969699480173
180	2.44136821978982
181	2.43953575446672
182	2.43420444031255
183	2.42538645550381
184	2.4131010712024
185	2.39737427674266
186	2.37823828991145
187	2.35573097288935
188	2.32989517739712
189	2.30077804403104
190	2.2684302806688
191	2.23290544331061
192	2.19425924001667
193	2.15254887501788
194	2.10783244595473
195	2.06016840288426
196	2.00961507350208
197	1.95623025521548
198	1.90007087146572
199	1.84119268714734
200	1.77965007615225
201	1.71549583295553
202	1.64878101968628
203	1.57955484018451
204	1.50786453300765
205	1.43375527608518
206	1.35727009660111
207	1.27844978059788
208	1.1973327776487
209	1.11395509666782
210	1.02835018947244
211	0.940548819050856
212	0.850578909625024
213	0.758465375534543
214	0.664229925739537
215	0.567890840379033
216	0.469462715373662
217	0.368956170575986
218	0.26637751650208
219	0.161728374281662
220	0.0550052432051951
221	-0.0538009898003711
222	-0.164705604176662
223	-0.277730667942562
224	-0.392905731546897
225	-0.510268594692833
226	-0.629866144189099
227	-0.751755255988051
228	-0.876003747412948
229	-1.00269135528368
230	-1.13191070106105
231	-1.26376818374497
232	-1.39838471323171
233	-1.53589615902109
234	-1.67645333937685
235	-1.820221312574
236	-1.96737765454909
237	-2.11810931933011
238	-2.2726075896492
239	-2.43106055529642
240	-2.5936425418812
241	-2.76050000845779
242	-2.93173371400732
243	-3.1073775019824
244	2.99581038285671
245	2.81162921706869
246	2.62356692266609
247	2.4320696564349
248	2.23772482365148
249	2.04124239019118
250	1.84341942659739
251	1.64509136900175
252	1.44707701647967
253	1.25012607740839
254	1.0548773440983
255	0.861832640675074
256	0.671347788252241
257	0.483638390222308
258	0.298796181979117
259	0.116811177781516
260	-0.0624045180965033
261	-0.238994182640657
262	-0.41313693418461
263	-0.585031878839656
264	-0.75488595628755
265	-0.922905111160776
266	-1.08928825101208
267	-1.25422342753117
268	-1.41788572941638
269	-1.58043645897963
270	-1.74202325377804
271	-1.90278089571905
272	-2.06283261765163
273	-2.22229177047102
274	-2.38126375352181
275	-2.53984813974008
276	-2.6981409467851
277	-2.85623701832953
278	-3.01423248717136
279	3.11095801240313
280	2.95285756669599
281	2.79453627977351
282	2.63586754744162
283	2.4767109816884
284	2.31691024079027
285	2.15629121881092
286	1.99466081063226
287	1.83180656535229
288	1.6674976695489
289	1.50148786354276
290	1.33352108004054
291	1.16334077853952
292	0.990704071973191
293	0.815401698455743
294	0.637284518100213
295	0.456296307924985
296	0.272511007806489
297	0.0861702345722335
298	-0.1022857749946
299	-0.29220263634793
300	-0.482720463815723
301	-0.672812014438485
302	-0.861348849133507
303	-1.04718586212131
304	-1.22924848127025
305	-1.40660592483664
306	-1.57851859466198
307	-1.74445559605238
308	-1.90408590791785
309	-2.05725128934418
310	-2.20393003073589
311	-2.34419913543445
312	-2.47819993112126
313	-2.60610960894672
314	-2.72811933468467
315	-2.84441846578811
316	-2.95518389652779
317	-3.06057343318696
318	3.12246311336019
319	3.0274440976369
320	2.93746770204598
321	2.85246938666289
322	2.77240501906654
323	2.69724800550276
324	2.62698580477415
325	2.5616158365481
326	2.50114075933486
327	2.4455630835692
328	2.39487910461853
329	2.34907219292221
330	2.30810556707244
331	2.27191480034774
332	2.24040046480652
333	2.21342148135344
334	2.19078988751331
335	2.17226781304839
336	2.15756741837338
337	2.14635436322678
338	2.13825502354494
339	2.1328671985297
340	2.12977353181036
341	2.12855642679995
342	2.12881298035152
343	2.13016846075717
344	2.13228711562618
345	2.13487954150919
346	2.13770636654716
347	2.14057847365366
348	2.14335434089538
349	2.14593526270677
350	2.14825925038801
351	2.15029433182024
352	2.15203182701812
353	2.15348001163242
354	2.15465842600323
355	2.15559296034014
356	2.15631175332443
357	2.156841880704
358	2.15720677721068
359	2.15742432302516
360	2.15750552899284
