25.8144    -5.0
26.8594    -4.0
27.9406    -3.0
29.0559    -2.0
30.2029    -1.0
31.3783    0.0
32.5790    1.0
33.8017    2.0
35.0432    3.0
36.3006    4.0
37.5714    5.0
38.8532    6.0
40.1441    7.0
41.4424    8.0
42.7467    9.0
44.0559    10.0
45.3691    11.0
46.6854    12.0
48.0042    13.0
49.3250    14.0
50.6475    15.0
51.9712    16.0
53.2960    17.0
54.6215    18.0
55.9478    19.0
57.2745    20.0
58.6017    21.0
59.9292    22.0
61.2570    23.0
62.5849    24.0
63.9131    25.0
65.2413    26.0
66.5697    27.0
67.8982    28.0
69.2267    29.0
70.5552    30.0
