-3.090169943749473958e-01 9.781476007338055778e-01 9.135454576426008666e-01 -5.000000000000000000e-01
-1.045284632676536096e-01 6.691306063588580155e-01 -1.000000000000000000e+00 6.691306063588580155e-01
1.045284632676533876e-01 -6.691306063588582376e-01 4.999999999999998335e-01 -3.090169943749473958e-01
6.691306063588580155e-01 -5.000000000000000000e-01 9.135454576426008666e-01 8.090169943749474513e-01
1.000000000000000000e+00 1.045284632676533876e-01 -7.056337668248415795e-01 6.691306063588580155e-01
-8.090169943749474513e-01 3.090169943749473958e-01 -1.045284632676536096e-01 -5.000000000000000000e-01
-8.090169943749474513e-01 9.781476007338055778e-01 -6.691306063588582376e-01 -5.000000000000000000e-01
9.135454576426008666e-01 -8.090169943749474513e-01 -8.090169943749474513e-01 -1.045284632676536096e-01
3.090169943749473958e-01 3.090169943749473958e-01 3.090169943749473958e-01 -1.045284632676536096e-01
-8.090169943749474513e-01 9.781476007338055778e-01 4.999999999999998335e-01 -9.135454576426008666e-01
8.090169943749474513e-01 -8.090169943749474513e-01 1.000000000000000000e+00 3.090169943749473958e-01
4.999999999999998335e-01 6.691306063588580155e-01 9.135454576426008666e-01 -1.045284632676536096e-01
-1.045284632676536096e-01 9.135454576426008666e-01 -5.000000000000000000e-01 -9.781476007338055778e-01
8.090169943749474513e-01 -9.135454576426008666e-01 -9.135454576426008666e-01 1.045284632676533876e-01
-9.781476007338055778e-01 -5.000000000000000000e-01 1.045284632676533876e-01 1.000000000000000000e+00
-6.691306063588582376e-01 -1.000000000000000000e+00 6.691306063588580155e-01 -9.135454576426008666e-01
-5.000000000000000000e-01 9.781476007338055778e-01 -5.000000000000000000e-01 9.781476007338055778e-01
-1.000000000000000000e+00 9.781476007338055778e-01 1.045284632676533876e-01 9.135454576426008666e-01
-9.781476007338055778e-01 -9.781476007338055778e-01 -1.000000000000000000e+00 -8.090169943749474513e-01
1.045284632676533876e-01 -3.654706205002010222e+01 1.045284632676533876e-01 -6.691306063588582376e-01
-6.691306063588582376e-01 -1.000000000000000000e+00 3.090169943749473958e-01 -8.090169943749474513e-01
-1.045284632676536096e-01 8.090169943749474513e-01 -8.090169943749474513e-01 -9.135454576426008666e-01
9.781476007338055778e-01 9.135454576426008666e-01 -9.781476007338055778e-01 -9.781476007338055778e-01
-9.135454576426008666e-01 -9.781476007338055778e-01 9.135454576426008666e-01 -6.691306063588582376e-01
9.135454576426008666e-01 -9.135454576426008666e-01 -5.000000000000000000e-01 -5.000000000000000000e-01
8.090169943749474513e-01 8.090169943749474513e-01 -5.000000000000000000e-01 9.135454576426008666e-01
-9.135454576426008666e-01 1.000000000000000000e+00 6.691306063588580155e-01 -5.000000000000000000e-01
-1.045284632676536096e-01 -1.045284632676536096e-01 6.691306063588580155e-01 -3.090169943749473958e-01
9.781476007338055778e-01 -9.781476007338055778e-01 -3.090169943749473958e-01 -1.548999358378185853e+01
-9.135454576426008666e-01 8.090169943749474513e-01 6.691306063588580155e-01 -8.090169943749474513e-01
-9.781476007338055778e-01 3.090169943749473958e-01 9.135454576426008666e-01 9.781476007338055778e-01
-5.000000000000000000e-01 3.090169943749473958e-01 3.090169943749473958e-01 -9.135454576426008666e-01
-1.000000000000000000e+00 6.691306063588580155e-01 3.090169943749473958e-01 8.090169943749474513e-01
6.691306063588580155e-01 -9.781476007338055778e-01 3.090169943749473958e-01 4.999999999999998335e-01
-1.000000000000000000e+00 -3.090169943749473958e-01 1.000000000000000000e+00 -1.000000000000000000e+00
4.999999999999998335e-01 -6.691306063588582376e-01 9.781476007338055778e-01 1.045284632676533876e-01
-6.691306063588582376e-01 1.000000000000000000e+00 -8.090169943749474513e-01 -8.090169943749474513e-01
1.045284632676533876e-01 1.045284632676533876e-01 6.691306063588580155e-01 9.135454576426008666e-01
6.691306063588580155e-01 9.781476007338055778e-01 -1.045284632676536096e-01 -1.000000000000000000e+00
-8.090169943749474513e-01 1.045284632676533876e-01 -1.045284632676536096e-01 -1.045284632676536096e-01
9.135454576426008666e-01 4.999999999999998335e-01 -9.781476007338055778e-01 1.045284632676533876e-01
-6.691306063588582376e-01 -1.045284632676536096e-01 -1.000000000000000000e+00 6.691306063588580155e-01
8.090169943749474513e-01 -6.691306063588582376e-01 3.090169943749473958e-01 -1.000000000000000000e+00
4.999999999999998335e-01 9.781476007338055778e-01 -3.090169943749473958e-01 8.090169943749474513e-01
-6.691306063588582376e-01 -9.135454576426008666e-01 -6.691306063588582376e-01 -3.090169943749473958e-01
-8.090169943749474513e-01 4.999999999999998335e-01 -8.090169943749474513e-01 -1.045284632676536096e-01
1.045284632676533876e-01 9.135454576426008666e-01 9.135454576426008666e-01 -5.000000000000000000e-01
-1.000000000000000000e+00 1.045284632676533876e-01 1.000000000000000000e+00 1.000000000000000000e+00
-5.000000000000000000e-01 6.691306063588580155e-01 -6.691306063588582376e-01 -1.045284632676536096e-01
8.090169943749474513e-01 9.135454576426008666e-01 4.999999999999998335e-01 4.999999999999998335e-01
-6.691306063588582376e-01 9.781476007338055778e-01 -9.781476007338055778e-01 6.691306063588580155e-01
-8.090169943749474513e-01 -8.090169943749474513e-01 3.090169943749473958e-01 -9.135454576426008666e-01
-5.000000000000000000e-01 -9.135454576426008666e-01 -8.090169943749474513e-01 9.781476007338055778e-01
-5.000000000000000000e-01 4.999999999999998335e-01 6.691306063588580155e-01 -1.045284632676536096e-01
8.090169943749474513e-01 8.090169943749474513e-01 -9.135454576426008666e-01 9.135454576426008666e-01
-1.045284632676536096e-01 -9.781476007338055778e-01 -3.090169943749473958e-01 4.999999999999998335e-01
-5.000000000000000000e-01 -1.000000000000000000e+00 9.781476007338055778e-01 6.691306063588580155e-01
-1.000000000000000000e+00 4.999999999999998335e-01 8.090169943749474513e-01 -8.090169943749474513e-01
4.999999999999998335e-01 -9.781476007338055778e-01 4.999999999999998335e-01 3.090169943749473958e-01
8.090169943749474513e-01 9.135454576426008666e-01 3.090169943749473958e-01 -3.090169943749473958e-01
-3.090169943749473958e-01 -1.045284632676536096e-01 1.045284632676533876e-01 9.135454576426008666e-01
1.045284632676533876e-01 -1.045284632676536096e-01 -1.000000000000000000e+00 1.045284632676533876e-01
-3.090169943749473958e-01 1.045284632676533876e-01 1.000000000000000000e+00 3.090169943749473958e-01
1.045284632676533876e-01 -8.090169943749474513e-01 -3.090169943749473958e-01 -9.781476007338055778e-01
