9.510565162951535312e-01 2.079116908177596756e-01 4.067366430758003748e-01 8.660254037844385966e-01
9.945218953682732899e-01 7.431448254773944662e-01 6.123233995736766036e-17 7.431448254773944662e-01
9.945218953682732899e-01 7.431448254773942441e-01 8.660254037844387076e-01 9.510565162951535312e-01
7.431448254773944662e-01 8.660254037844385966e-01 4.067366430758003748e-01 5.877852522924731371e-01
6.123233995736766036e-17 9.945218953682732899e-01 1.384884243809605842e+00 7.431448254773944662e-01
5.877852522924731371e-01 9.510565162951535312e-01 9.945218953682732899e-01 8.660254037844385966e-01
5.877852522924731371e-01 2.079116908177596756e-01 7.431448254773942441e-01 8.660254037844385966e-01
4.067366430758003748e-01 5.877852522924731371e-01 5.877852522924731371e-01 9.945218953682732899e-01
9.510565162951535312e-01 9.510565162951535312e-01 9.510565162951535312e-01 9.945218953682732899e-01
5.877852522924731371e-01 2.079116908177596756e-01 8.660254037844387076e-01 4.067366430758002083e-01
5.877852522924731371e-01 5.877852522924731371e-01 6.123233995736766036e-17 9.510565162951535312e-01
8.660254037844387076e-01 7.431448254773944662e-01 4.067366430758003748e-01 9.945218953682732899e-01
9.945218953682732899e-01 4.067366430758003748e-01 8.660254037844385966e-01 2.079116908177594536e-01
5.877852522924731371e-01 4.067366430758002083e-01 4.067366430758002083e-01 9.945218953682732899e-01
2.079116908177594536e-01 8.660254037844385966e-01 9.945218953682732899e-01 6.123233995736766036e-17
7.431448254773942441e-01 6.123233995736766036e-17 7.431448254773944662e-01 4.067366430758002083e-01
8.660254037844385966e-01 2.079116908177596756e-01 8.660254037844385966e-01 2.079116908177596756e-01
6.123233995736766036e-17 2.079116908177596756e-01 9.945218953682732899e-01 4.067366430758003748e-01
2.079116908177594536e-01 2.079116908177594536e-01 6.123233995736766036e-17 5.877852522924731371e-01
9.945218953682732899e-01 -1.743452757058731777e+02 9.945218953682732899e-01 7.431448254773942441e-01
7.431448254773942441e-01 6.123233995736766036e-17 9.510565162951535312e-01 5.877852522924731371e-01
9.945218953682732899e-01 5.877852522924731371e-01 5.877852522924731371e-01 4.067366430758002083e-01
2.079116908177596756e-01 4.067366430758003748e-01 2.079116908177594536e-01 2.079116908177594536e-01
4.067366430758002083e-01 2.079116908177594536e-01 4.067366430758003748e-01 7.431448254773942441e-01
4.067366430758003748e-01 4.067366430758002083e-01 8.660254037844385966e-01 8.660254037844385966e-01
5.877852522924731371e-01 5.877852522924731371e-01 8.660254037844385966e-01 4.067366430758003748e-01
4.067366430758002083e-01 6.123233995736766036e-17 7.431448254773944662e-01 8.660254037844385966e-01
9.945218953682732899e-01 9.945218953682732899e-01 7.431448254773944662e-01 9.510565162951535312e-01
2.079116908177596756e-01 2.079116908177594536e-01 9.510565162951535312e-01 -7.138840055893335546e+01
4.067366430758002083e-01 5.877852522924731371e-01 7.431448254773944662e-01 5.877852522924731371e-01
2.079116908177594536e-01 9.510565162951535312e-01 4.067366430758003748e-01 2.079116908177596756e-01
8.660254037844385966e-01 9.510565162951535312e-01 9.510565162951535312e-01 4.067366430758002083e-01
6.123233995736766036e-17 7.431448254773944662e-01 9.510565162951535312e-01 5.877852522924731371e-01
7.431448254773944662e-01 2.079116908177594536e-01 9.510565162951535312e-01 8.660254037844387076e-01
6.123233995736766036e-17 9.510565162951535312e-01 6.123233995736766036e-17 6.123233995736766036e-17
8.660254037844387076e-01 7.431448254773942441e-01 2.079116908177596756e-01 9.945218953682732899e-01
7.431448254773942441e-01 6.123233995736766036e-17 5.877852522924731371e-01 5.877852522924731371e-01
9.945218953682732899e-01 9.945218953682732899e-01 7.431448254773944662e-01 4.067366430758003748e-01
7.431448254773944662e-01 2.079116908177596756e-01 9.945218953682732899e-01 6.123233995736766036e-17
5.877852522924731371e-01 9.945218953682732899e-01 9.945218953682732899e-01 9.945218953682732899e-01
4.067366430758003748e-01 8.660254037844387076e-01 2.079116908177594536e-01 9.945218953682732899e-01
7.431448254773942441e-01 9.945218953682732899e-01 6.123233995736766036e-17 7.431448254773944662e-01
5.877852522924731371e-01 7.431448254773942441e-01 9.510565162951535312e-01 6.123233995736766036e-17
8.660254037844387076e-01 2.079116908177596756e-01 9.510565162951535312e-01 5.877852522924731371e-01
7.431448254773942441e-01 4.067366430758002083e-01 7.431448254773942441e-01 9.510565162951535312e-01
5.877852522924731371e-01 8.660254037844387076e-01 5.877852522924731371e-01 9.945218953682732899e-01
9.945218953682732899e-01 4.067366430758003748e-01 4.067366430758003748e-01 8.660254037844385966e-01
6.123233995736766036e-17 9.945218953682732899e-01 6.123233995736766036e-17 6.123233995736766036e-17
8.660254037844385966e-01 7.431448254773944662e-01 7.431448254773942441e-01 9.945218953682732899e-01
5.877852522924731371e-01 4.067366430758003748e-01 8.660254037844387076e-01 8.660254037844387076e-01
7.431448254773942441e-01 2.079116908177596756e-01 2.079116908177594536e-01 7.431448254773944662e-01
5.877852522924731371e-01 5.877852522924731371e-01 9.510565162951535312e-01 4.067366430758002083e-01
8.660254037844385966e-01 4.067366430758002083e-01 5.877852522924731371e-01 2.079116908177596756e-01
8.660254037844385966e-01 8.660254037844387076e-01 7.431448254773944662e-01 9.945218953682732899e-01
5.877852522924731371e-01 5.877852522924731371e-01 4.067366430758002083e-01 4.067366430758003748e-01
9.945218953682732899e-01 2.079116908177594536e-01 9.510565162951535312e-01 8.660254037844387076e-01
8.660254037844385966e-01 6.123233995736766036e-17 2.079116908177596756e-01 7.431448254773944662e-01
6.123233995736766036e-17 8.660254037844387076e-01 5.877852522924731371e-01 5.877852522924731371e-01
8.660254037844387076e-01 2.079116908177594536e-01 8.660254037844387076e-01 9.510565162951535312e-01
5.877852522924731371e-01 4.067366430758003748e-01 9.510565162951535312e-01 9.510565162951535312e-01
9.510565162951535312e-01 9.945218953682732899e-01 9.945218953682732899e-01 4.067366430758003748e-01
9.945218953682732899e-01 9.945218953682732899e-01 6.123233995736766036e-17 9.945218953682732899e-01
9.510565162951535312e-01 9.945218953682732899e-01 6.123233995736766036e-17 9.510565162951535312e-01
9.945218953682732899e-01 5.877852522924731371e-01 9.510565162951535312e-01 2.079116908177594536e-01
