-3.316358820770083593e+00 6.938828917179330757e-02 -1.190504678096009128e+00 2.655480206949686981e-03
-5.424126768260603138e-01 9.724962674734594081e-01 6.209158284599610722e-01 5.501567358023362608e-01
8.551661132309736901e-01 5.638691903518953108e-01 -2.381534430082591497e-02 1.460206138110828666e+00
6.905172697791168712e-01 2.801454537528877520e+00 -8.748034757242670878e-01 -5.973561579482462580e-01
-1.248861068014347264e+00 -8.496782325535063851e-01 -4.086029811770747755e-01 -1.315173961285660553e+00
-2.536700260589843103e-01 1.096356227029858695e-02 6.731616908211618400e-01 7.742947549037869637e-01
6.718328523479256964e-02 -8.538913835279389186e-01 -7.998879765960275057e-01 1.079039515943606586e+00
-9.701918855495648142e-01 6.107134750235970744e-01 -1.977323402989877021e-01 1.131231027573295522e+00
-1.386484160290587964e+00 8.444675567009355399e-01 -1.028582326948723313e+00 1.551935808731654154e+00
-5.485510575806138434e-01 -4.759477872083607841e-01 7.808616281910734092e-01 -1.068169590385811274e-01
-6.465963794731398595e-01 1.056826481602425760e+00 -1.165326722900133616e+00 1.682094437133745624e+00
5.088243989131269185e-01 -3.945124305697225719e-01 6.487089214683949834e-01 8.314711460240774565e-01
1.645197895163605928e-01 9.860190468432038502e-01 -4.950268746678928578e-01 1.747640223947264371e-01
5.796456597778143482e-01 6.195402343856496463e-01 -3.407366922194075137e-02 5.973470713909471153e-01
9.195692612964385670e-01 1.158073954164187125e+00 -4.001604411309482856e-01 1.507390200576017580e-01
-1.607967284685201559e+00 1.051768409748151889e+00 -1.591992412557970693e-01 3.168432625067541419e+00
