1.205501183108228069e+00 6.992510986430449105e-01 -4.927111276875900114e-01 7.460321128536699931e-01
1.838916515387768236e+00 -1.765141390257771448e-01 7.445396663678102156e-01 -1.253888364559369251e+00
5.832858988255833488e-01 9.296159665191209287e-01 7.732792151066700814e-01 2.661555805308046252e-01
-1.387134256029454837e+00 -1.075021826685663845e-01 -2.011733724965264203e-01 -4.702839417233127713e-04
-7.298439713929849582e-01 1.301083544874304554e+00 8.329363681496833038e-01 1.491229346066620165e+00
-6.405992378671001575e-01 7.299737305585642932e-01 5.598462942327341041e-02 6.604291792763732349e-01
1.524070272329353992e+00 -1.441609398302880152e+00 1.454405342915755073e+00 1.263502531969266762e+00
1.619384191446742394e+00 8.436023284041759274e-01 1.222642576748979248e+00 -1.278747082603991780e-01
-7.998196957035241805e-01 -1.310715050043804952e+00 -8.766788811916554902e-01 3.337086480903542096e+00
2.002173784117284305e-01 -2.221819905272814366e-01 8.660338794053578093e-01 -2.769106918588593383e-02
-3.025211964687447574e-01 -1.607189643762248599e+00 1.347291487631798179e-01 1.402566980000721442e+00
-6.737843067917120843e-01 1.925232340298952627e+00 1.697460037978586189e-01 1.430507993772858200e+00
5.346810376918520458e-01 -5.203792408255395463e-01 -9.959800097014630538e-01 3.034125613604692906e-01
-9.250823206339933158e-01 -2.639558377324976446e-01 -5.675655664042039694e-01 -3.364800614055221128e-01
-1.653222186382714287e-01 6.659001151444480238e-01 -8.420968120568428361e-01 8.290902508655716430e-01
1.076737209675296750e-02 4.447408234739504418e-01 1.714944331485243278e+00 8.840199137859274803e-01
